<get>*************************************************************************************
              1    = KF   Down Quark
======== KORALZ 4.04 DIZET 6.5 ==========
           vMax           Nacc           XsPb          dXsPb            Afb           dAfb
             11 = No. of point
       .0100000          79841      2.4343615       .0086359       .5851505       .0027072
       .1000000         104399      3.1831379       .0098823       .5862987       .0023698
       .2000000         113798      3.4697145       .0103204       .5844918       .0022663
       .3000000         120490      3.6737543       .0106217       .5832019       .0022001
       .4000000         126408      3.8541949       .0108813       .5814505       .0021447
       .5000000         132292      4.0335987       .0111336       .5797176       .0020933
       .6000000         140067      4.2706594       .0114587       .5725189       .0020217
       .7000000         156997      4.7868571       .0121376       .5511889       .0018737
       .8000000         617946     18.8412466       .0244066       .2198056       .0005964
       .9000000         634802     19.3551881       .0247492       .2092526       .0005741
       .9900000         640000     19.5136757       .0047698       .2051438       .0005662
<get>*************************************************************************************
              2    = KF  Up Quark
======== KORALZ 4.04 DIZET 6.5 ==========
           vMax           Nacc           XsPb          dXsPb            Afb           dAfb
             11 = No. of point
       .0100000         128077      3.8200674       .0107410       .6738993       .0022938
       .1000000         167167      4.9859788       .0122942       .6765869       .0020118
       .2000000         181802      5.4224872       .0128302       .6782434       .0019315
       .3000000         191523      5.7124290       .0131749       .6791508       .0018831
       .4000000         199550      5.9518450       .0134533       .6803207       .0018464
       .5000000         207314      6.1834166       .0137176       .6806969       .0018120
       .6000000         216315      6.4518835       .0140183       .6816032       .0017751
       .7000000         232923      6.9472392       .0145581       .6770177       .0017049
       .8000000         601787     17.9491001       .0238099       .3164060       .0007251
       .9000000         620292     18.5010364       .0241939       .2919883       .0006861
       .9900000         640000     19.0888538       .0059743       .2780063       .0006591
<get>*************************************************************************************
              3    = KF  Strange Quark
======== KORALZ 4.04 DIZET 6.5 ==========
           vMax           Nacc           XsPb          dXsPb            Afb           dAfb
             11 = No. of point
       .0100000          79841      2.4343615       .0086359       .5851505       .0027072
       .1000000         104399      3.1831379       .0098823       .5862987       .0023698
       .2000000         113798      3.4697145       .0103204       .5844918       .0022663
       .3000000         120490      3.6737543       .0106217       .5832019       .0022001
       .4000000         126408      3.8541949       .0108813       .5814505       .0021447
       .5000000         132292      4.0335987       .0111336       .5797176       .0020933
       .6000000         140067      4.2706594       .0114587       .5725189       .0020217
       .7000000         156997      4.7868571       .0121376       .5511889       .0018737
       .8000000         617946     18.8412466       .0244066       .2198056       .0005964
       .9000000         634802     19.3551881       .0247492       .2092526       .0005741
       .9900000         640000     19.5136757       .0047698       .2051438       .0005662
<get>*************************************************************************************
              4    = KF  Charm Quark
======== KORALZ 4.04 DIZET 6.5 ==========
           vMax           Nacc           XsPb          dXsPb            Afb           dAfb
             11 = No. of point
       .0100000         128077      3.8200674       .0107410       .6738993       .0022938
       .1000000         167167      4.9859788       .0122942       .6765869       .0020118
       .2000000         181802      5.4224872       .0128302       .6782434       .0019315
       .3000000         191523      5.7124290       .0131749       .6791508       .0018831
       .4000000         199550      5.9518450       .0134533       .6803207       .0018464
       .5000000         207314      6.1834166       .0137176       .6806969       .0018120
       .6000000         216315      6.4518835       .0140183       .6816032       .0017751
       .7000000         232923      6.9472392       .0145581       .6770177       .0017049
       .8000000         601787     17.9491001       .0238099       .3164060       .0007251
       .9000000         620292     18.5010364       .0241939       .2919883       .0006861
       .9900000         640000     19.0888538       .0059743       .2780063       .0006591
<get>*************************************************************************************
              5    = KF  Bottom Quark
======== KORALZ 4.04 DIZET 6.5 ==========
           vMax           Nacc           XsPb          dXsPb            Afb           dAfb
             11 = No. of point
       .0100000          80119      2.3891995       .0084607       .5862405       .0027050
       .1000000         104873      3.1273796       .0096869       .5879206       .0023677
       .2000000         114292      3.4082601       .0101154       .5859728       .0022643
       .3000000         121009      3.6085653       .0104104       .5846920       .0021981
       .4000000         126903      3.7843282       .0106628       .5831462       .0021436
       .5000000         132787      3.9597928       .0109090       .5812994       .0020923
       .6000000         140560      4.1915886       .0112263       .5741890       .0020211
       .7000000         157431      4.6946925       .0118868       .5526421       .0018736
       .8000000         617930     18.4270656       .0238643       .2206917       .0005976
       .9000000         634757     18.9288574       .0241986       .2100000       .0005752
       .9900000         640000     19.0852070       .0046318       .2058500       .0005671
<end>*************************************************************************************


