<get>*************************************************************************************
              1    = KF   Down Quark
======== KORALZ 4.02 DIZET 5.0 ==========
           vMax           Nacc           XsPb          dXsPb            Afb           dAfb
             11 = No. of point
       .0100000          19595      2.4120318       .0172704       .5789742       .0054357
       .1000000          25704      3.1640146       .0197942       .5818550       .0047578
       .2000000          28046      3.4523013       .0206819       .5797618       .0045466
       .3000000          29723      3.6587304       .0212954       .5799213       .0044171
       .4000000          31221      3.8431255       .0218293       .5779123       .0043024
       .5000000          32599      4.0127494       .0223094       .5762447       .0042044
       .6000000          34555      4.2535218       .0229741       .5686876       .0040568
       .7000000          38866      4.7841811       .0243773       .5461329       .0037486
       .8000000         154450     19.0119067       .0492412       .2194238       .0011919
       .9000000         158733     19.5391194       .0499434       .2079656       .0011446
       .9900000         160000     19.6950798       .0095195       .2040750       .0011294
<get>*************************************************************************************
              2    = KF  Up Quark
======== KORALZ 4.02 DIZET 5.0 ==========
           vMax           Nacc           XsPb          dXsPb            Afb           dAfb
             11    = No. of point
       .0100000          32021      3.8503122       .0216494       .6778989       .0046011
       .1000000          41666      5.0100593       .0247409       .6770028       .0040309
       .2000000          45296      5.4465426       .0258139       .6786471       .0038707
       .3000000          47704      5.7360886       .0265033       .6796495       .0037745
       .4000000          49657      5.9709239       .0270504       .6798840       .0037002
       .5000000          51610      6.2057591       .0275874       .6793645       .0036281
       .6000000          53848      6.4748637       .0281911       .6796910       .0035528
       .7000000          58006      6.9748356       .0292823       .6750681       .0034114
       .8000000         150617     18.1106921       .0480027       .3147653       .0014456
       .9000000         155072     18.6463763       .0487470       .2906779       .0013691
       .9900000         160000     19.2389355       .0119513       .2770500       .0013159
<get>*************************************************************************************
              3    = KF  Strange Quark
======== KORALZ 4.02 DIZET 5.0 ==========
           vMax           Nacc           XsPb          dXsPb            Afb           dAfb
             11 = No. of point
       .0100000          19594      2.4119477       .0172702       .5789527       .0054358
       .1000000          25703      3.1639426       .0197941       .5818387       .0047578
       .2000000          28045      3.4522340       .0206819       .5797468       .0045466
       .3000000          29722      3.6586664       .0212954       .5799071       .0044171
       .4000000          31220      3.8430646       .0218293       .5778988       .0043024
       .5000000          32598      4.0126912       .0223094       .5762317       .0042044
       .6000000          34554      4.2534675       .0229742       .5686751       .0040568
       .7000000          38866      4.7842584       .0243777       .5461329       .0037486
       .8000000         154450     19.0122142       .0492420       .2194756       .0011921
       .9000000         158733     19.5394354       .0499442       .2080160       .0011448
       .9900000         160000     19.6953983       .0095196       .2041250       .0011295
<get>*************************************************************************************
              4    = KF  Charm Quark
======== KORALZ 4.02 DIZET 5.0 ==========
           vMax           Nacc           XsPb          dXsPb            Afb           dAfb
             11 = No. of point
       .0100000          32020      3.8501973       .0216491       .6778264       .0046010
       .1000000          41664      5.0098257       .0247403       .6769393       .0040308
       .2000000          45294      5.4463097       .0258134       .6785888       .0038706
       .3000000          47702      5.7358561       .0265027       .6795941       .0037745
       .4000000          49655      5.9706917       .0270498       .6798308       .0037001
       .5000000          51607      6.2054070       .0275866       .6793458       .0036282
       .6000000          53845      6.4745120       .0281903       .6796731       .0035529
       .7000000          58003      6.9744845       .0292815       .6750513       .0034115
       .8000000         150618     18.1108375       .0480029       .3147565       .0014456
       .9000000         155072     18.6464021       .0487470       .2906650       .0013691
       .9900000         160000     19.2389622       .0119511       .2770375       .0013159
<get>*************************************************************************************
              5    = KF  Bottom Quark
======== KORALZ 4.02 DIZET 5.0 ==========
           vMax           Nacc           XsPb          dXsPb            Afb           dAfb
             11 = No. of point
       .0100000          19637      2.3635200       .0169044       .5823191       .0054456
       .1000000          25786      3.1036169       .0193848       .5849686       .0047629
       .2000000          28149      3.3880289       .0202590       .5830047       .0045510
       .3000000          29822      3.5893921       .0208563       .5831266       .0044219
       .4000000          31309      3.7683682       .0213736       .5806956       .0043067
       .5000000          32689      3.9344657       .0218430       .5790021       .0042086
       .6000000          34630      4.1680855       .0224871       .5716431       .0040629
       .7000000          38931      4.6857562       .0238544       .5489969       .0037552
       .8000000         154451     18.5898060       .0481354       .2209698       .0011961
       .9000000         158728     19.1045880       .0488205       .2092384       .0011481
       .9900000         160000     19.2576866       .0092390       .2053750       .0011330
<end>*************************************************************************************

<get>*************************************************************************************
             13    = KF  Mu lepton
<get>*************************************************************************************
             15    = KF  Tau lrpton
<end>*************************************************************************************

