* 189 GeV, from KORALZ with Dizet 6.x, run by Zbyszek
*  
*  NevTot = 1600000
*  sig: 0.7563938387E-02    err= 0.2034417548E-05
*  CosCut   =      1.00000000
  10
  .999999978E-02    .167072174E-02    .252117410E-05    .562188998E+00    .183184032E-02
  .100000001E+00    .251730545E-02    .289076419E-05    .564598623E+00    .144775565E-02
  .300000012E+00    .305694911E-02    .303365105E-05    .567078651E+00    .128705562E-02
  .400000006E+00    .322407271E-02    .306554148E-05    .569298523E+00    .124514275E-02
  .500000000E+00    .337088855E-02    .308901523E-05    .572412098E+00    .121069733E-02
  .600000024E+00    .351702349E-02    .310826233E-05    .576997694E+00    .117830931E-02
  .699999988E+00    .371610622E-02    .312800679E-05    .584034852E+00    .113665848E-02
  .800000012E+00    .669556205E-02    .249054069E-05    .349584338E+00    .803298186E-03
  .899999976E+00    .713384784E-02    .219497833E-05    .309276630E+00    .782130854E-03
  .990000010E+00    .760661160E-02    .175425851E-05    .284431499E+00    .758605619E-03

   .999999978E-02    .165918619E-02    .251301210E-05    .563907317E+00    .183878608E-02
   .100000001E+00    .249952493E-02    .288276635E-05    .566233143E+00    .145343730E-02
   .300000012E+00    .303587948E-02    .302666401E-05    .568569938E+00    .129201345E-02
   .400000006E+00    .320219672E-02    .305899063E-05    .570801909E+00    .124988358E-02
   .500000000E+00    .334818333E-02    .308285309E-05    .573882146E+00    .121529348E-02
   .600000024E+00    .349361816E-02    .310253226E-05    .578435417E+00    .118275232E-02
   .699999988E+00    .369272412E-02    .312298695E-05    .585483485E+00    .114071857E-02
   .800000012E+00    .667234952E-02    .249645193E-05    .349576850E+00    .804537367E-03
   .899999976E+00    .711152711E-02    .220297632E-05    .309120486E+00    .783172631E-03
   .990000010E+00    .759882464E-02    .175047574E-05    .283514277E+00    .758838260E-03
  
 


* 189 GeV, koralz_stj, theta_bullet
*  ========RobolSigmaAfb  ========== 
*  NevTot   =  1000000
* xSMCpb,dxSMCpb=    7.6123229228    .0021978328
*  CosCut   =      1.00000000
  7
   .0100000      1.6610317       .0004796       .5641765       .0012078
   .1000000      2.5009450       .0007221       .5663650       .0009881
   .3000000      3.0369819       .0008768       .5683634       .0008998
   .5000000      3.3495743       .0009671       .5738557       .0008651
   .7000000      3.6956914       .0010670       .5854398       .0008402
   .9000000      7.1144466       .0020541       .3093486       .0003200
   .9900000      7.6003792       .0021944       .2838744       .0002841

