* 120 GeV, koralz_stj, theta_bullet
*  ========RobolSigmaAfb  ========== 
*  NevTot   =  1000000
* xSMCpb,dxSMCpb=   30.6497924030    .0090948579
*  CosCut   =      1.00000000
  7
    .0100000      6.0021488       .0017810       .7380585       .0016678
    .1000000      8.9508734       .0026560       .7386222       .0013668
    .3000000     11.4240052       .0033899       .7337730       .0012019
    .5000000     26.7343121       .0079330       .3545252       .0003796
    .7000000     28.5516915       .0084723       .3181013       .0003296
    .9000000     29.5146773       .0087580       .3048200       .0003106
    .9900000     30.6265292       .0090880       .2929453       .0002931
