*****************************************************************************************************************
****         KoralZ in pure O(alf1) mode. Mustraal type, no exponentiation
*****************************************************************************************************************
     CMSENE= 120 GeV  20 Mevt AMZ=91.187D0 sinw2=.22276773 GAMZ=2.50072032 xk0=.0003
     xk              sig [nb]        d_int [nb]      err [nb]        afb             d_int           err       
10
    .990000E+00     .282389E-01     .748633E-04     .313528E-05     .304680E+00     .139904E-02     .157016E-03
    .900000E+00     .274147E-01     .772484E-04     .313225E-05     .314395E+00     .210867E-02     .161580E-03
    .800000E+00     .271034E-01     .807254E-04     .312964E-05     .318958E+00     .250231E-02     .163299E-03
    .700000E+00     .268575E-01     .837637E-04     .312758E-05     .323704E+00     .278872E-02     .164686E-03
    .600000E+00     .265868E-01     .851545E-04     .312657E-05     .330732E+00     .299830E-02     .166309E-03
    .500000E+00     .260260E-01     .791224E-04     .312552E-05     .348142E+00     .300940E-02     .169835E-03
    .400000E+00     .142178E-01     .648184E-04     .311831E-05     .640777E+00     .400225E-02     .310169E-03
    .300000E+00     .107209E-01     .153399E-03     .309906E-05     .733665E+00     .713840E-02     .408794E-03
    .100000E+00     .804542E-02     .338127E-03     .303783E-05     .739909E+00     .164570E-01     .533959E-03
    .100000E-01     .376840E-02     .677199E-03     .291232E-05     .738458E+00     .590087E-01     .109274E-02
