*****************************************************************************************************************
****         KoralZ in pure O(alf1) mode. Mustraal type, no exponentiation
*****************************************************************************************************************
     CMSENE= 94.1887 GeV  10 Mevt 
     xk              sig [nb]        d_int [nb]      err [nb]        afb             d_int           err       
10
    .990000E+00     .386922E+00     .520540E-03     .591526E-04     .139255E+00     .226758E-03     .216205E-03
    .900000E+00     .385069E+00     .553566E-03     .591213E-04     .139661E+00     .295292E-03     .217131E-03
    .800000E+00     .383822E+00     .602492E-03     .590987E-04     .139642E+00     .306250E-03     .217753E-03
    .700000E+00     .382514E+00     .657055E-03     .590794E-04     .139581E+00     .304935E-03     .218426E-03
    .600000E+00     .380984E+00     .722463E-03     .590597E-04     .139500E+00     .275073E-03     .219231E-03
    .500000E+00     .379059E+00     .802921E-03     .590377E-04     .139352E+00     .217374E-03     .220262E-03
    .400000E+00     .376520E+00     .903389E-03     .590113E-04     .139352E+00     .749348E-04     .221649E-03
    .300000E+00     .372820E+00     .103358E-02     .589709E-04     .139571E+00    -.256686E-03     .223695E-03
    .100000E+00     .343110E+00     .125906E-02     .584716E-04     .154317E+00    -.507805E-02     .241004E-03
    .100000E-01     .108368E+00     .393662E-02     .538374E-04     .258000E+00     .663879E-01     .702240E-03
