*****************************************************************************************************************
****         KoralZ in pure O(alf1) mode. Mustraal type, no exponentiation
*****************************************************************************************************************
     CMSENE= 88.1887 GeV  10 Mevt
     xk              sig [nb]        d_int [nb]      err [nb]        afb             d_int           err       
10
    .990000E+00     .188114E+00    -.491709E-03     .402925E-04    -.297115E+00     .289742E-03     .302914E-03
    .900000E+00     .186133E+00    -.523639E-03     .402654E-04    -.299405E+00     .450342E-03     .305932E-03
    .800000E+00     .184861E+00    -.571595E-03     .402445E-04    -.300243E+00     .531572E-03     .307877E-03
    .700000E+00     .183547E+00    -.634173E-03     .402242E-04    -.300723E+00     .603971E-03     .309925E-03
    .600000E+00     .182041E+00    -.708446E-03     .402028E-04    -.301026E+00     .715310E-03     .312324E-03
    .500000E+00     .180172E+00    -.801904E-03     .401782E-04    -.301268E+00     .863648E-03     .315372E-03
    .400000E+00     .177703E+00    -.930230E-03     .401461E-04    -.301326E+00     .114215E-02     .319498E-03
    .300000E+00     .174200E+00    -.111645E-02     .400986E-04    -.300965E+00     .172561E-02     .325538E-03
    .100000E+00     .157037E+00    -.197057E-02     .397492E-04    -.295439E+00     .767229E-02     .357970E-03
    .100000E-01     .916124E-01    -.449081E-02     .372735E-04    -.276398E+00     .765240E-01     .574949E-03
