*****************************************************************************************************************
****         KoralZ in pure O(alf1) mode. Mustraal type, no exponentiation
*****************************************************************************************************************
      CMSENE= 189 GeV  10 Mevt AMZ=91.187D0 sinw2=.22276773 GAMZ=2.50072032 xk0=.0006
    xk              sig [nb]        d_int [nb]      err [nb]        afb             d_int           err       
10
    .990000E+00     .670039E-02     .212934E-04     .101483E-05     .303919E+00     .243414E-02     .214195E-03
    .900000E+00     .635576E-02     .210018E-04     .101320E-05     .325958E+00     .372304E-02     .225444E-03
    .800000E+00     .614178E-02     .189743E-04     .101232E-05     .356252E+00     .440693E-02     .233094E-03
    .700000E+00     .336489E-02     .246439E-04     .101013E-05     .597238E+00     .783054E-02     .424529E-03
    .600000E+00     .318533E-02     .320251E-04     .100732E-05     .590875E+00     .940364E-02     .447210E-03
    .500000E+00     .305653E-02     .385099E-04     .100401E-05     .586755E+00     .111614E-01     .464519E-03
    .400000E+00     .292529E-02     .457907E-04     .999861E-06     .583802E+00     .133563E-01     .483348E-03
    .300000E+00     .276904E-02     .545073E-04     .994437E-06     .581823E+00     .164283E-01     .507842E-03
    .100000E+00     .219193E-02     .879951E-04     .972087E-06     .578386E+00     .323531E-01     .627054E-03
    .100000E-01     .963916E-03     .160983E-03     .920185E-06     .576499E+00     .120083E+00     .134902E-02
