*****************************************************************************************************************
****         KoralZ in pure O(alf1) mode. Mustraal type, no exponentiation
*****************************************************************************************************************
      CMSENE=91.187  GeV  10 Mevt AMZ=91.187D0 sinw2=.22276773 GAMZ=2.50072032 xk0=.0006
     xk              sig [nb]        d_int [nb]      err [nb]        afb             d_int           err       
10
    .990000E+00     .130474E+01     .242709E-04     .187399E-03     .935565E-02    -.265150E-03     .203122E-03
    .900000E+00     .129940E+01     .244149E-04     .187395E-03     .931765E-02    -.240800E-03     .203953E-03
    .800000E+00     .129334E+01     .227041E-04     .187394E-03     .925252E-02    -.225695E-03     .204907E-03
    .700000E+00     .128614E+01     .205146E-04     .187393E-03     .917362E-02    -.211290E-03     .206054E-03
    .600000E+00     .127730E+01     .177284E-04     .187392E-03     .907312E-02    -.195045E-03     .207478E-03
    .500000E+00     .126581E+01     .122229E-04     .187392E-03     .899311E-02    -.174705E-03     .209361E-03
    .400000E+00     .125044E+01     .224214E-05     .187391E-03     .889857E-02    -.144768E-03     .211934E-03
    .300000E+00     .122842E+01    -.208560E-04     .187389E-03     .874303E-02    -.922454E-04     .215732E-03
    .100000E+00     .112459E+01    -.246509E-03     .187330E-03     .930527E-02     .671096E-03     .235575E-03
    .100000E-01     .682022E+00    -.879536E-03     .175052E-03     .238052E-01     .431781E-01     .362726E-03
