 **************************************************
 **************************************************
 vmax     cross-section(mu+mu-)         afb(mu+mu-)
 **************** IntON ***************************
****************** 88.187 GeV ********************
11
0.01         149.245                    -0.21336
0.10         198.261                    -0.27175
0.20         208.672                    -0.28050
0.30         213.854                    -0.28361 
0.40         217.176                    -0.28498
0.50         219.568                    -0.28559 
0.60         221.426                    -0.28579 
0.70         222.962                    -0.28573 
0.80         224.326                    -0.28543
0.90         225.681                    -0.28480 
0.99         227.931                    -0.28271





11
0.01         148.757                    -0.2132
0.10         197.776                    -0.2715
0.20         208.191                    -0.2802
0.30         213.374                    -0.2833
0.40         216.696                    -0.2847
0.50         219.090                    -0.2853
0.60         220.949                    -0.2855
0.70         222.488                    -0.2854
0.80         223.856                    -0.2851
0.90         225.217                    -0.2845
0.99         227.497                    -0.2823
