 **************************************************
 **************************************************
 vmax     cross-section(mu+mu-)         afb(mu+mu-)
 **************** NoInt ***************************
****************** 94.187 GeV ********************
11
0.01         166.342                     0.26608
0.10         345.791                     0.18095
0.20         375.490                     0.16337
0.30         385.207                     0.15956 
0.40         390.933                     0.15791
0.50         394.895                     0.15700
0.60         397.879                     0.15641
0.70         400.266                     0.15598
0.80         402.295                     0.15563
0.90         404.169                     0.15528
0.99         406.644                     0.15457


11
0.01         165.801                     0.2661
0.10         345.895                     0.1803
0.20         375.728                     0.1627
0.30         385.472                     0.1589
0.40         391.211                     0.1573
0.50         395.183                     0.1564
0.60         398.173                     0.1558
0.70         400.567                     0.1554
0.80         402.602                     0.1550
0.90         404.485                     0.1547
0.99         406.989                     0.1540
