 ***********************************************
 ***********************************************
 vmax     cross-section(mu+mu-)         afb(mu+mu-)
 **************** IntON ************************
 **************** 91.187 GeV *******************
 11
0.01         1041.813                   0.04445 
0.10         1335.938                   0.00365 
0.20         1389.105                   0.00133
0.30         1416.295                   0.00061
0.40         1433.808                   0.00026 
0.50         1446.293                   0.00007  
0.60         1455.763                  -0.00005
0.70         1463.285                  -0.00013
0.80         1469.500                  -0.00019
0.90         1474.850                  -0.00022
0.99         1479.928                  -0.00025




  7
 0.01d0           1038.03d0                   0.0449d0
 0.10d0           1331.98d0                   0.0039d0
 0.30d0           1412.17d0                   0.0009d0
 0.50d0           1442.10d0                   0.0004d0
 0.70d0           1459.05d0                   0.0002d0
 0.90d0           1470.60d0                   0.0001d0
 0.99d0           1475.72d0                  -0.0002d0
