 ***********************************************
 ***********************************************
 vmax     cross-section(mu+mu-)         afb(mu+mu-)
 **************** IntOFF ***********************
 **************** 91.187 GeV *******************
 11
0.01         1043.324                    0.01373
0.10         1336.168                    0.00250
0.20         1389.137                    0.00072
0.30         1416.274                    0.00011     
0.40         1433.768                   -0.00018 
0.50         1446.245                   -0.00035
0.60         1455.713                   -0.00045
0.70         1463.234                   -0.00051
0.80         1469.449                   -0.00055
0.90         1474.801                   -0.00058
0.99         1479.884                   -0.00060 



 7
 0.01           1039.53                   0.0140
 0.10           1332.21                   0.0028
 0.30           1412.15                   0.0004
 0.50           1442.05                   0.0000
 0.70           1459.06                  -0.0002
 0.90           1470.55                  -0.0003
 0.99           1475.67                  -0.0003
