 **************************************************
 **************************************************
 vmax     cross-section(mu+mu-)         afb(mu+mu-)
 **************** NoInt ***************************
****************** 88.187 GeV ********************
11
0.01         154.301                    -0.26466
0.10         200.482                    -0.27858
0.20         210.250                    -0.28327 
0.30         215.111                    -0.28517           
0.40         218.228                    -0.28603  
0.50         220.477                    -0.28639
0.60         222.227                    -0.28646
0.70         223.681                    -0.28632
0.80         224.979                    -0.28598
0.90         226.282                    -0.28533
0.99         228.495                    -0.28320



11
0.01         153.813                    -0.2647
0.10         199.997                    -0.2784
0.20         209.770                    -0.2830
0.30         214.631                    -0.2849
0.40         217.749                    -0.2857
0.50         219.998                    -0.2861
0.60         221.751                    -0.2862
0.70         223.207                    -0.2860
0.80         224.509                    -0.2856
0.90         225.819                    -0.2850
0.99         228.061                    -0.2828
