 **************************************************
 **************************************************
 vmax     cross-section(mu+mu-)         afb(mu+mu-)
 **************** IntON ***************************
****************** 94.187 GeV ********************
11
0.01         170.849                     0.31641
0.10         347.185                     0.17487     
0.20         376.811                     0.16186
0.30         386.355                     0.15906 
0.40         391.940                     0.15777
0.50         395.791                     0.15701
0.60         398.685                     0.15649
0.70         401.000                     0.15610
0.80         402.970                     0.15575
0.90         404.797                     0.15539
0.99         407.236                     0.15467


11
0.01         170.307                     0.3166
0.10         347.289                     0.1742
0.20         377.049                     0.1612
0.30         386.620                     0.1584
0.40         392.219                     0.15715 
0.50         396.079                     0.1564
0.60         398.979                     0.1559
0.70         401.301                     0.1555
0.80         403.277                     0.1551
0.90         405.113                     0.1548
0.99         407.580                     0.1540


0.40   mu+ mu-    392.219    0.15715 
