 ***********************************************
 ***********************************************
 vmax     cross-section(mu+mu-)         afb(mu+mu-)
 **************** IntOFF ***********************
 ****************** 120 GeV ********************
11
0.01           6.014                     0.73469
0.10           8.990                     0.73647
0.20          10.288                     0.73675
0.30          11.446                     0.73105
0.40          14.688                     0.64785
0.50          26.720                     0.35197
0.60          27.925                     0.32807
0.70          28.527                     0.31816
0.80          28.995                     0.31191
0.90          29.489                     0.30635
0.99          30.532                     0.29574


 11
 0.01           5.995                     0.7347
 0.10           8.977                     0.7351
 0.20          10.280                     0.7346
 0.30          11.453                     0.7282
 0.40          14.728                     0.6436
 0.50          26.917                     0.3484
 0.60          28.130                     0.3245
 0.70          28.730                     0.3151
 0.80          29.212                     0.3085
 0.90          29.693                     0.3035
 0.99          30.740                     0.2928
