 ***********************************************
 ***********************************************
 vmax     cross-section(mu+mu-)         afb(mu+mu-)
 **************** IntON ************************
 ****************** 120 GeV ********************
11
0.01           6.756                     0.77828
0.10           9.359                     0.75308
0.20          10.538                     0.74752
0.30          11.615                     0.73863 
0.40          14.764                     0.65238 
0.50          26.812                     0.35530
0.60          28.023                     0.33132
0.70          28.623                     0.32119
0.80          29.086                     0.31468
0.90          29.575                     0.30886
0.99          30.615                     0.29794 

 11
 0.01           6.737                     0.7784
 0.10           9.346                     0.7518
 0.20          10.530                     0.7454 
 0.30          11.622                     0.7358
 0.40          14.804                     0.6481
 0.50          27.008                     0.3517
 0.60          28.228                     0.3277
 0.70          28.826                     0.3181
 0.80          29.303                     0.3112
 0.90          29.780                     0.3059
 0.99          30.851                     0.2949
