<get>*************************************************************************************
              1    = KF   Down Quark
======== Zfitter 6.20 ===================
           vMax           Nacc           XsPb          dXsPb            Afb           dAfb
             11 = No. of point
       .0100000              0         2.3974       .0000000       .0000000       .0000000
       .1000000              0         3.1482       .0000000       .0000000       .0000000
       .2000000              0         3.4371       .0000000       .0000000       .0000000
       .3000000              0         3.6383       .0000000       .0000000       .0000000
       .4000000              0         0.0000       .0000000       .0000000       .0000000
       .5000000              0         0.0000       .0000000       .0000000       .0000000
       .6000000              0         0.0000       .0000000       .0000000       .0000000
       .7000000              0         0.0000       .0000000       .0000000       .0000000
       .8000000              0         0.0000       .0000000       .0000000       .0000000
       .9000000              0        19.4675       .0000000       .0000000       .0000000
       .9900000              0        19.6240       .0000000       .0000000       .0000000
<get>*************************************************************************************
              2    = KF  Up Quark
======== Zfitter 6.20 ===================
           vMax           Nacc           XsPb          dXsPb            Afb           dAfb
             11 = No. of point
       .0100000              0         3.7522       .0000000       .0000000       .0000000
       .1000000              0         4.9442       .0000000       .0000000       .0000000
       .2000000              0         5.3893       .0000000       .0000000       .0000000
       .3000000              0         5.6874       .0000000       .0000000       .0000000
       .4000000              0         0.0000       .0000000       .0000000       .0000000
       .5000000              0         0.0000       .0000000       .0000000       .0000000
       .6000000              0         0.0000       .0000000       .0000000       .0000000
       .7000000              0         0.0000       .0000000       .0000000       .0000000
       .8000000              0         0.0000       .0000000       .0000000       .0000000
       .9000000              0        18.6619       .0000000       .0000000       .0000000
       .9900000              0        19.2312       .0000000       .0000000       .0000000
<get>*************************************************************************************
              3    = KF  Strange Quark
======== Zfitter 6.20 ===================
           vMax           Nacc           XsPb          dXsPb            Afb           dAfb
             11 = No. of point
       .0100000              0         2.3974       .0000000       .0000000       .0000000
       .1000000              0         3.1482       .0000000       .0000000       .0000000
       .2000000              0         3.4371       .0000000       .0000000       .0000000
       .3000000              0         3.6383       .0000000       .0000000       .0000000
       .4000000              0         0.0000       .0000000       .0000000       .0000000
       .5000000              0         0.0000       .0000000       .0000000       .0000000
       .6000000              0         0.0000       .0000000       .0000000       .0000000
       .7000000              0         0.0000       .0000000       .0000000       .0000000
       .8000000              0         0.0000       .0000000       .0000000       .0000000
       .9000000              0        19.4675       .0000000       .0000000       .0000000
       .9900000              0        19.6240       .0000000       .0000000       .0000000
<get>*************************************************************************************
              4    = KF  Charm Quark
======== Zfitter 6.20 ===================
           vMax           Nacc           XsPb          dXsPb            Afb           dAfb
             11 = No. of point
       .0100000              0         3.7521       .0000000       .0000000       .0000000
       .1000000              0         4.9441       .0000000       .0000000       .0000000
       .2000000              0         5.3891       .0000000       .0000000       .0000000
       .3000000              0         5.6873       .0000000       .0000000       .0000000
       .4000000              0         0.0000       .0000000       .0000000       .0000000
       .5000000              0         0.0000       .0000000       .0000000       .0000000
       .6000000              0         0.0000       .0000000       .0000000       .0000000
       .7000000              0         0.0000       .0000000       .0000000       .0000000
       .8000000              0         0.0000       .0000000       .0000000       .0000000
       .9000000              0        18.6608       .0000000       .0000000       .0000000
       .9900000              0        19.2301       .0000000       .0000000       .0000000
<get>*************************************************************************************
              5    = KF  Bottom Quark
======== Zfitter 6.20 ===================
           vMax           Nacc           XsPb          dXsPb            Afb           dAfb
             11 = No. of point
       .0100000              0         2.4420       .0000000       .0000000       .0000000
       .1000000              0         3.1804       .0000000       .0000000       .0000000
       .2000000              0         3.4644       .0000000       .0000000       .0000000
       .3000000              0         3.6621       .0000000       .0000000       .0000000
       .4000000              0         0.0000       .0000000       .0000000       .0000000
       .5000000              0         0.0000       .0000000       .0000000       .0000000
       .6000000              0         0.0000       .0000000       .0000000       .0000000
       .7000000              0         0.0000       .0000000       .0000000       .0000000
       .8000000              0         0.0000       .0000000       .0000000       .0000000
       .9000000              0        19.1390       .0000000       .0000000       .0000000
       .9900000              0        19.2952       .0000000       .0000000       .0000000
<get>*************************************************************************************
             13    = KF  Muon
======== Zfitter 6.20, this is a placebo 
           vMax           Nacc           XsPb          dXsPb            Afb           dAfb
             11 = No. of point
       .0100000              0          1.111       .0000000       .0000000       .0000000
       .1000000              0          1.111       .0000000       .0000000       .0000000
       .2000000              0          0.000       .0000000       .0000000       .0000000
       .3000000              0          1.111       .0000000       .0000000       .0000000
       .4000000              0         0.0000       .0000000       .0000000       .0000000
       .5000000              0          1.111       .0000000       .0000000       .0000000
       .6000000              0         0.0000       .0000000       .0000000       .0000000
       .7000000              0          7.777       .0000000       .0000000       .0000000
       .8000000              0         0.0000       .0000000       .0000000       .0000000
       .9000000              0          7.777       .0000000       .0000000       .0000000
       .9900000              0          7.777       .0000000       .0000000       .0000000
<end>*************************************************************************************


